1
2
3
3
3
4
3
3
5
3
6
3
3
7
8
9
10
11
12
3
3
13
14
3
15
3
3
16
3
17
3
18
3
19
3
3
20
3
21
22
23
24
25
26
27
28
29
30
31
32
3
3
33
34
3
35
3
36
3
3
37
3
38
39
40
41
42
43
44
2
3
3
3
3
3
45
46
47
3
3
15
3
48
3
3
3
49
3
3
13
3
50
51
3
3
3
3
52
46
3
53
3
3
54
55
56
57
58
59
60
61
62
3
63
64
65
3
66
67
68
69
3
3
70
71
3
3
3
72
3
73
2
3
3
3
3
74
3
3
3
3
13
75
3
76
77
78
79
80
81
3
82
83
84
85
3
86
87
88
89
90
3
91
3
3
3
92
93
94
95
96
97
98
99
3
100
3
101
3
102
103
104
105
106
3
3
3
3
3
107
108
109
3
2
3
2
110
111
3
112
3
113
114
3
3
115
116
3
3
46
117
3
118
119
120
121
3
122
123
124
125
126
127
128
129
130
131
